1
2
3
4
5
6
9
10
11
12
17
18
25
26
27
28
29
30
33
35
41
49
50
51
53
57
59
73
75
81
145
146
147
148
149
150
169
170
171
173
193
195
289
290
313
721
722
723
724
725
726
729
730
731
732
737
738
745
746
747
748
749
750
753
755
761
769
770
771
773
777
779
793
795
801
865
866
867
868
869
870
889
890
891
893
913
915
1009
1010
1033
1465
1466
1467
1468
1469
1470
1489
1490
1491
1493
1513
1515
1585
1586
1587
1588
1589
1590
1609
1610
1611
1613
1633
1635
1729
1730
1753
2209
2210
2233
2329
2330
2353
2449
2450
2473
