1
2
43
44
45
50
51
52
85
86
87
88
92
93
94
95
99
100
101
102
127
128
129
130
134
135
136
137
141
142
143
144
841
842
883
884
885
890
891
892
925
926
927
932
933
934
967
968
969
974
975
976
1051
1052
1093
1094
1135
1136
1177
1178
1681
1682
1723
1724
1725
1730
1731
1732
1765
1766
1767
1772
1773
1774
1891
1892
1933
1934
1975
1976
2101
2102
2143
2144
2521
2522
2563
2564
2565
2570
2571
2572
2605
2606
2607
2608
2612
2613
2614
2615
2619
2620
2621
2622
3361
3362
3403
3404
3405
3410
3411
3412
3571
3572
4201
4202
4243
4244
4245
4250
4251
4252
4411
4412
4621
4622
