1
2
7
8
9
10
11
12
49
50
51
52
53
54
61
62
65
67
68
71
121
122
127
128
129
130
131
132
145
146
151
152
169
170
171
172
173
174
175
176
361
362
363
364
365
366
373
374
377
379
380
383
385
386
387
388
389
390
391
392
721
722
727
728
729
730
731
732
769
770
771
772
773
774
781
782
785
787
788
791
841
842
847
848
849
850
851
852
865
866
1441
1442
1447
1448
1449
1450
1451
1452
1465
1466
1471
1472
1489
1490
1491
1492
1493
1494
1495
1496
1561
1562
1567
1568
1569
1570
1571
1572
1585
1586
1681
1682
1687
1688
1705
1706
