1
2
71
72
73
82
83
84
85
86
87
88
95
96
97
98
99
100
101
102
151
152
153
154
155
156
157
158
165
166
167
168
1261
1262
1343
1344
1345
1346
1427
1428
1513
1514
1515
1524
1525
1526
1583
1584
1585
1594
1595
1596
1597
1598
1599
1608
1609
1610
1679
1680
1681
1682
1751
1752
1753
1762
1763
1764
1765
1766
1767
1776
1777
1778
2015
2016
2017
2018
2099
2100
2101
2102
2183
2184
2939
2940
2941
2942
3277
3278
3279
3288
3289
3290
3359
3360
3361
3362
3431
3432
3433
3442
3443
3444
3779
3780
4939
4940
4941
4942
4943
4944
4945
4946
4953
4954
4955
4956
4957
4958
4959
4968
4969
4970
5039
5040
